# nurbs mesh v.2.1
#
# 24-Jun-2015
#
 2 2 1 0 1
PATCH 1 
   1   2
   2   3
0.0000000   0.0000000   1.0000000   1.0000000   
0.0000000   0.0000000   0.0000000   1.0000000   1.0000000   1.0000000   
100.000000000000000   200.000000000000000   70.7106781186548   141.4213562373095   0.000000000000000   0.000000000000000   
0.000000000000000   0.000000000000000   70.7106781186548   141.4213562373095   100.000000000000000   200.000000000000000   
1.000000000000000   1.000000000000000   .707106781186548   .707106781186548   1.000000000000000   1.000000000000000   
SUBDOMAIN 1 
1 
