# nurbs mesh v.2.1
#
# 9-May-2024
#
 3 3 1 0 1
PATCH 1 
   2   2   2
   3   3   3
0.0000000   0.0000000   0.0000000   1.0000000   1.0000000   1.0000000 
0.0000000   0.0000000   0.0000000   1.0000000   1.0000000   1.0000000 
0.0000000   0.0000000   0.0000000   1.0000000   1.0000000   1.0000000 
100.0  150.0  200.0  70.7106781  106.0660172  141.4213562  0.0  0.0  0.0  70.7106781  106.0660172  141.4213562  50.0  75.0  100.0  0.0  0.0  0.0  0.0  0.0  0.0  0.0  0.0  0.0  -0.0  -0.0  -0.0  
0.0  0.0  0.0  70.7106781  106.0660172  141.4213562  100.0  150.0  200.0  0.0  0.0  0.0  50.0  75.0  100.0  70.7106781  106.0660172  141.4213562  0.0  0.0  0.0  0.0  0.0  0.0  0.0  0.0  0.0  
0.0  0.0  0.0  0.0  0.0  0.0  0.0  0.0  0.0  70.7106781  106.0660172  141.4213562  50.0  75.0  100.0  70.7106781  106.0660172  141.4213562  100.0  150.0  200.0  70.7106781  106.0660172  141.4213562  100.0  150.0  200.0  
1.0  1.0  1.0  0.7071068  0.7071068  0.7071068  1.0  1.0  1.0  0.7071068  0.7071068  0.7071068  0.5  0.5  0.5  0.7071068  0.7071068  0.7071068  1.0  1.0  1.0  0.7071068  0.7071068  0.7071068  1.0  1.0  1.0  
SUBDOMAIN 1
1